859.44	774.75	853	1045.38	1531.06
859.25	774.88	852.94	1045.25	1531
859.31	774.88	853	1045.25	1531.06
859.56	774.88	853	1045.56	1531.25
859.56	774.88	853	1045.44	1531.19
859.63	774.81	852.88	1045.5	1531.13
859.63	774.88	853	1045.38	1531.19
859.63	774.88	853	1045.5	1531.19
859.63	774.94	853.06	1045.56	1531.13
859.44	774.75	853	1045.56	1531.31
859.81	774.81	853.06	1045.31	1531
859.94	774.75	852.94	1045.38	1531
860.13	774.81	852.88	1045.31	1530.88
860.31	774.75	852.94	1045.31	1530.88
860.44	774.75	853	1045.25	1530.75
860.5	774.81	853	1045.38	1531
860.5	774.88	853	1045.31	1530.94
860.44	774.69	853.06	1045.44	1531
860.5	774.69	853	1045.31	1531.13
860.63	774.69	853.19	1045.31	1531
860.56	774.81	853.06	1045.44	1530.94
860.75	774.75	852.88	1045.44	1531.13
860.63	774.75	852.94	1045.44	1531
860.63	774.69	853.06	1045.44	1530.81
860.69	774.75	853	1045.44	1530.88
860.69	774.75	853.13	1045.38	1531.13
860.56	774.88	852.94	1045.44	1531
860.31	774.81	852.94	1045.31	1530.88
860.44	774.88	853	1045.38	1530.94
860.31	774.75	852.88	1045.44	1531
860.31	774.88	852.88	1045.31	1530.94
860.31	774.94	852.94	1045.31	1531.19
860.44	774.88	852.88	1045.25	1531.19
860.25	775.06	852.94	1045.5	1530.88
860.38	775.06	852.81	1045.56	1531
860.56	775.06	852.94	1045.5	1531
860.63	775.19	852.88	1045.81	1530.88
860.81	775.25	852.88	1045.5	1530.94
860.94	775.19	853.06	1045.69	1530.75
861.19	775.19	853	1045.69	1530.81
861.13	775.13	853.06	1045.81	1530.63
861.19	775.38	853	1045.75	1530.69
861.25	775.25	853.13	1045.63	1530.38
861.31	775.19	853.13	1045.81	1530.5
861.38	775.31	853.13	1045.63	1530.63
861.44	775.19	853.13	1045.63	1530.75
861.44	775.13	853.25	1045.63	1530.75
861.5	775.06	853.06	1045.75	1530.69
861.63	775.19	853.19	1045.75	1530.88
861.25	775.19	852.94	1045.69	1530.5
860.88	775.31	852.88	1045.69	1530.69
861	775.38	852.88	1045.88	1530.44
861	775.31	852.88	1045.56	1530.63
861.13	775.38	852.75	1045.63	1530.56
860.81	775.81	852.56	1045.81	1531.19
858.88	776.31	851.31	1046.38	1532.88
850.44	776.19	850.88	1046.44	1534.44
840.5	774.75	853.31	1045.88	1535.81
832.31	775.94	855.19	1044.38	1538.56
847.56	777.63	856.44	1042.69	1539.94
853.5	779.56	855.94	1041.44	1541.13
851.13	781.75	854.63	1040.88	1541.63
848.13	783.13	853.88	1040.5	1542.63
847.38	783	853.25	1041.19	1544.06
850.69	781.31	852.44	1041.75	1545.06
853.44	780.63	851.94	1041.69	1545.75
854.63	780.31	851.63	1041.88	1546.06
857.56	780.81	851.31	1042	1546.31
857.88	781.56	851.31	1041.81	1546.31
858.31	782.19	851.31	1041.63	1546.44
859.13	782.19	851.38	1041.69	1546.5
859.75	782.19	850.88	1041.56	1546.56
859.94	782.69	850.81	1041.81	1546.63
861.5	783.19	850.81	1041.5	1546.19
860.88	783.5	850.69	1041.69	1546.31
861.19	783.5	850.31	1041.69	1546.31
861.13	783.44	850.5	1041.63	1546.5
861.13	783.81	850.5	1041.63	1546.5
861.19	783.81	850.5	1041.81	1546.38
861.44	783.81	850.19	1041.94	1546.44
862.25	783.06	850	1042.31	1546.31
863.31	783	849.88	1042.63	1546.19
863.5	782.94	849.81	1042.56	1546.19
863.63	782.88	850	1042.63	1545.81
863.63	782.63	849.88	1042.88	1546.06
863.69	782.38	849.63	1043.06	1546
864.31	782	849.63	1043.25	1545.63
865.81	781.31	849.44	1043.63	1545.56
867.38	780.5	849.44	1044.19	1545.31
868.75	780.25	849.31	1044.19	1545.38
868.69	780.19	849.25	1044.31	1545.44
868.56	780.13	849.25	1044.38	1545.38
867.81	780.25	849.19	1044.13	1545.13
867.88	780.31	849.19	1044.13	1545.38
867.69	780.38	849.19	1044.31	1545.19
869.06	780.31	849.06	1044.31	1545.19
869.44	780.19	849.06	1044.13	1545.44
868.88	780.31	849.13	1044.19	1545
868.81	780.25	849	1044.63	1544.63
869.31	779.94	848.94	1044.44	1544.63
869	780	848.94	1044.44	1544.75
868.5	780.25	849	1044.44	1544.69
868.44	780.38	848.69	1044.25	1544.31
869.5	780.31	848.69	1044.44	1544.38
869.81	780.31	848.81	1044.5	1544.38
870.25	780.31	848.81	1044.44	1543.94
870.13	780.25	848.88	1044.44	1543.75
869.88	780.25	848.88	1044.19	1543.56
869.25	780.25	848.88	1044.31	1543.69
869.75	780.13	848.56	1044.44	1543.81
870.25	780.19	848.56	1044.5	1543.88
869.88	780.19	848.56	1044.81	1543.56
870.38	780.06	848.63	1044.88	1543.5
870.81	780.06	848.56	1044.56	1543.75
871.13	780.25	848.81	1044.63	1543.69
871.94	780.06	848.63	1044.75	1543.88
871.38	780.13	848.5	1044.63	1543.94
870.81	780.44	848.69	1044.81	1544.38
869.81	780.44	848.69	1045	1544.25
870.06	780.44	848.5	1045	1544.25
869.5	780.5	848.56	1045	1544.13
869.56	780.5	848.63	1045.06	1544.06
869.44	780.25	848.69	1045	1543.88
869.94	780.13	848.69	1045.19	1544.13
870.25	779.94	848.69	1045.25	1543.75
870.81	779.56	848.94	1045.25	1543.31
871.44	779.44	848.94	1045.31	1543.06
871.5	779.19	849.06	1045.25	1542.81
871.56	779.13	849.44	1045.13	1542
871.06	779.19	849.5	1044.75	1541.88
870.5	779.19	849.44	1044.75	1541.81
870.31	779.19	849.69	1044.81	1541.38
869.69	779.56	849.69	1044.81	1541.06
869.81	779.25	849.63	1044.75	1541
